
reference_tag = Left
parent_tag = 0
origin = (/0.0, 0.0, 0.0/)
! 0 deg
!orientation = (/1.0,0.0,0.0, 0.0,1.0,0.0, 0.0,0.0,1.0/)
! 5 deg
orientation = (/0.9961947,0.0,-0.0871557, 0.0,1.0,0.0, 0.0871557,0.0,0.9961947/)
! 10 deg
!orientation = (/0.984808,0.0,-0.173648, 0.0,1.0,0.0, 0.173648,0.0,0.984808/)
! 18 deg
!orientation = (/0.951057,0.0,-0.309017, 0.0,1.0,0.0, 0.309017,0.0,0.951057/)
! 30 deg
!orientation = (/0.8660254037844387,0.0,-0.5, 0.0,1.0,0.0, 0.5,0.0,0.8660254037844387/)
multiple = F
moving = F


